# Neural Network Connections
2 1 5 3 4 
3 2 6 4 0 
5 1 3 4 7 
5 1 7 2 6 
7 6 3 5 1 
7 1 6 2 10 
11 9 7 5 3 
8 10 2 12 5 
5 9 4 13 3 
5 11 8 12 6 
7 13 11 14 8 
10 8 14 13 9 
17 14 15 16 10 
12 8 9 11 17 
17 19 13 16 12 
13 14 12 10 17 
15 13 14 11 21 
22 18 21 14 15 
16 14 20 23 15 
18 20 16 14 17 
22 24 23 21 19 
24 17 20 23 25 
25 27 26 18 24 
22 24 26 19 20 
28 29 23 19 25 
30 29 27 22 20 
29 22 24 23 30 
26 28 23 22 32 
33 32 25 29 24 
26 33 25 30 24 
34 35 29 33 25 
33 35 29 32 26 
30 33 34 29 37 
29 35 36 32 38 
30 29 31 33 36 
30 32 34 37 33 
31 39 33 34 32 
36 39 33 34 38 
42 34 40 36 43 
37 34 38 41 43 
43 44 42 35 39 
44 37 46 42 40 
40 43 46 47 37 
38 45 42 40 44 
43 47 39 48 46 
43 46 40 49 41 
45 43 42 47 44 
49 44 46 42 45 
46 43 49 45 47 
46 47 48 45 44 
