# Spike train data
# Format: <neuron_index> <time_step>
# Config: 50 neurons, 1000 steps, 0.02 noise prob, pattern interval 200
3 0
10 0
4 1
11 1
12 1
12 2
37 2
11 3
13 3
14 4
20 5
13 6
24 11
0 14
3 14
28 14
9 15
30 17
5 18
36 19
19 20
42 20
44 20
11 21
35 21
21 22
0 24
23 24
33 26
2 27
28 27
48 30
48 32
10 33
0 35
7 35
40 36
42 36
6 37
35 39
25 40
27 41
41 41
33 42
22 43
37 44
48 44
39 45
24 46
25 46
7 51
32 51
40 51
24 53
5 56
7 56
6 57
19 58
23 59
29 59
44 61
15 63
17 63
23 64
2 65
12 65
26 65
44 66
22 70
27 70
27 71
46 71
47 71
3 72
31 73
27 74
17 75
5 76
25 76
0 77
39 77
42 77
28 78
32 81
24 82
26 83
20 84
5 85
23 86
41 86
0 87
22 87
23 87
31 88
40 90
17 91
4 92
16 92
34 93
5 94
19 94
36 94
39 94
44 95
24 98
32 99
46 100
46 101
21 102
37 103
9 105
29 105
44 108
23 109
35 110
37 111
15 112
27 113
37 113
27 114
31 114
19 115
23 115
5 118
15 118
39 119
28 121
2 122
23 124
41 124
16 125
16 129
38 129
28 130
7 132
11 134
17 134
30 135
8 136
37 136
6 137
26 137
16 138
5 139
34 139
44 139
45 139
37 141
10 142
22 142
15 146
21 146
48 146
2 147
33 147
33 148
29 149
44 149
47 149
20 150
25 151
5 153
47 153
46 158
21 161
26 161
30 161
3 163
17 163
0 165
46 167
49 168
2 169
25 169
32 169
12 170
11 171
19 171
20 171
7 173
38 173
1 174
5 174
24 177
32 180
17 181
6 183
8 183
21 183
39 183
48 183
16 184
23 184
47 185
0 188
41 188
15 189
13 191
16 192
13 194
1 195
0 196
14 197
30 198
38 198
40 198
10 200
12 200
34 200
11 201
30 201
5 202
12 202
46 202
13 203
33 203
43 203
14 204
4 205
25 205
40 206
22 207
26 207
15 209
46 209
49 209
27 212
12 213
3 215
29 215
31 216
49 218
17 220
44 220
1 222
34 222
10 223
8 224
39 224
5 226
33 226
2 228
27 228
44 229
16 230
25 233
30 233
0 234
20 234
9 235
38 235
6 239
16 241
4 243
7 244
18 245
27 245
44 245
38 248
5 249
8 249
24 249
47 249
5 251
45 251
0 254
35 254
20 255
12 256
28 256
32 256
45 256
13 257
28 257
1 259
14 262
33 262
32 264
8 266
16 266
17 266
23 267
6 268
24 268
18 269
41 271
12 272
8 273
39 274
33 275
37 276
20 277
25 278
29 278
32 278
5 279
29 283
37 287
33 290
16 291
31 292
10 293
1 296
49 296
2 297
31 297
3 298
22 299
32 299
22 301
47 301
20 303
5 307
47 307
37 309
4 310
15 310
25 310
49 311
3 312
13 312
17 313
46 313
9 315
45 315
44 316
4 317
39 317
28 320
46 320
14 321
20 321
49 321
27 323
41 325
48 325
8 326
44 327
18 328
43 328
7 329
20 331
49 334
2 335
34 335
41 336
8 340
27 340
33 340
39 340
2 341
5 345
43 346
12 347
26 347
29 349
39 349
10 350
14 350
1 351
31 352
4 354
42 354
45 354
28 355
9 356
4 357
21 357
47 359
48 361
12 363
17 363
21 363
4 364
12 364
32 365
33 365
11 367
32 368
10 369
29 369
6 370
21 370
13 372
12 373
31 376
25 377
30 377
13 378
11 381
33 381
27 382
45 383
36 384
48 385
16 386
25 386
4 387
11 388
34 389
45 390
41 391
13 392
16 394
42 394
39 397
37 398
19 399
35 399
10 400
5 401
11 401
41 401
12 402
13 403
42 403
14 404
23 405
22 406
11 407
13 407
46 407
25 408
33 408
21 409
33 410
42 410
43 410
44 411
26 412
1 413
10 413
47 413
7 414
30 414
21 415
11 417
12 417
22 417
44 417
36 418
39 418
42 418
48 418
10 419
25 419
41 421
19 422
17 423
40 423
42 424
27 425
14 426
3 427
12 428
25 428
34 428
47 429
3 431
4 431
24 435
33 438
19 439
34 441
45 441
17 442
33 443
30 444
37 444
6 445
11 446
34 446
45 446
1 447
42 447
49 447
4 448
28 449
23 451
27 451
46 451
19 452
32 452
4 455
49 455
0 456
12 457
7 458
2 459
23 460
24 461
1 462
3 463
14 464
5 466
21 466
2 468
9 472
21 473
37 474
18 475
21 475
41 478
43 480
5 481
28 481
6 483
27 485
47 485
29 487
13 488
49 488
6 490
13 490
14 491
25 491
41 491
37 492
18 494
2 496
14 496
25 498
29 503
8 506
43 506
0 508
7 508
12 509
25 510
35 510
21 511
42 513
10 514
2 515
35 515
10 516
22 517
1 518
0 519
7 524
25 524
36 526
44 526
12 529
16 531
43 532
17 534
0 535
46 535
39 540
40 540
8 541
45 541
18 542
20 542
32 544
6 545
8 546
26 546
31 546
48 546
10 547
22 548
31 548
0 550
29 551
33 551
28 552
39 553
11 555
34 558
0 559
9 560
14 560
15 560
8 563
27 563
4 564
33 566
2 568
14 568
25 568
28 568
4 569
41 569
38 570
3 573
32 573
41 573
3 574
10 574
31 575
34 575
41 575
7 578
13 578
1 579
30 580
41 580
13 581
8 587
8 588
28 588
7 589
6 590
19 591
22 591
43 592
22 594
17 595
38 595
29 596
33 596
34 596
43 596
26 598
10 600
23 600
11 601
12 602
6 603
13 603
41 603
14 604
27 604
28 605
43 605
26 607
11 608
45 608
7 609
47 609
17 610
28 611
3 612
20 613
20 615
30 616
40 616
42 617
29 619
4 621
19 621
15 622
29 628
18 629
33 629
22 630
29 630
0 632
11 634
29 634
41 634
8 636
13 636
19 637
0 638
17 638
35 638
20 639
24 639
21 641
23 642
32 643
1 644
42 645
37 646
4 648
10 649
9 650
4 651
15 651
9 653
9 657
35 657
11 658
32 658
10 660
20 662
2 663
47 663
0 665
3 665
21 665
37 665
9 668
39 671
49 671
18 672
39 672
38 673
22 677
41 677
32 678
38 678
1 680
7 681
23 681
13 683
17 684
48 684
3 685
46 685
30 686
31 686
38 686
39 687
40 687
40 688
26 690
31 692
0 693
3 693
8 695
22 695
22 696
38 696
17 698
45 699
37 703
26 704
10 706
15 706
12 708
28 708
5 709
7 710
21 710
23 710
41 710
26 711
45 712
31 715
5 716
28 718
15 719
17 719
7 720
36 720
9 721
42 721
7 723
19 723
44 723
24 724
37 724
39 727
49 727
11 728
25 731
34 731
29 733
41 733
12 734
5 736
2 738
15 738
1 739
20 739
25 739
8 740
11 741
28 741
41 741
20 742
35 743
26 745
32 745
1 750
2 754
16 755
21 755
0 757
15 757
39 758
42 758
21 760
20 762
25 764
39 764
34 767
23 768
4 769
17 769
42 769
20 770
46 770
38 771
48 772
14 779
29 779
17 780
4 782
25 782
33 782
5 785
27 785
43 787
9 788
29 789
41 789
42 789
1 792
10 793
24 793
44 794
28 795
15 796
0 800
10 800
11 801
43 801
12 802
21 802
22 802
49 802
3 803
13 803
12 804
14 804
46 805
45 806
26 807
6 808
41 811
12 814
22 814
26 814
8 815
5 816
27 816
44 821
11 822
4 824
5 824
8 824
4 825
46 825
16 830
40 832
27 833
25 834
36 834
36 835
38 835
22 836
44 838
3 839
8 839
30 839
34 839
37 840
43 841
25 843
44 845
30 846
23 847
7 848
13 849
16 849
40 850
5 852
21 852
38 856
48 857
18 858
13 860
43 864
22 865
33 865
25 866
18 867
38 869
0 870
40 870
10 871
25 874
35 874
36 876
43 876
47 876
21 877
41 877
49 882
16 883
43 884
0 887
9 889
28 891
8 893
10 893
23 893
18 895
24 896
0 898
20 899
25 899
15 900
19 900
31 901
48 902
36 903
0 904
2 904
10 908
32 908
36 908
46 908
23 912
25 912
0 913
38 914
30 915
31 917
31 922
35 922
36 923
10 924
14 925
47 926
13 928
39 928
2 929
28 929
22 931
28 932
6 933
13 934
37 936
44 936
47 937
5 938
24 939
2 941
20 941
42 944
17 945
30 945
37 945
38 946
46 946
42 947
45 947
8 948
49 948
38 949
47 949
31 951
9 952
34 952
37 952
38 954
46 954
49 954
5 955
21 955
39 955
40 955
26 957
33 960
49 960
4 962
21 963
31 963
48 963
34 965
49 966
6 967
43 969
5 971
36 971
28 973
0 974
13 974
27 974
12 975
12 978
8 979
10 980
23 981
24 982
21 983
24 983
15 985
15 987
25 987
13 988
4 989
28 989
34 991
43 991
26 992
18 993
1 994
10 994
21 994
44 994
36 995
42 997
5 998
